samples	reads	mapped	chimera	multimappers	multimappers_toomany	unmapped_tooshort	unmapped_other
hg19/STAR/SRR1042900	19618059	3248880	923	14470967	261255	1632289	4668
hg19/STAR/SRR1042901	21264774	3389994	674	15752625	461186	1656723	4246
hg19/STAR/SRR1042902	3365056	579787	97	2385844	48145	349724	1556
hg19/STAR/SRR1173905	23982398	1948212	0	20531280	56530	1446187	189
hg19/STAR/SRR1173907	23538174	1208333	0	20725518	35488	1568674	161
hg19/STAR/SRR1173909	93090059	10335010	855	81273209	457970	1016807	7063
hg19/STAR/SRR1173910	8342296	791048	146	6324324	35779	1190476	669
hg19/STAR/SRR1173913	120156718	8897967	1084	108509415	400940	2343197	5199
hg19/STAR/SRR1173914	8921861	430768	132	7191262	21993	1277491	347
hg19/STAR/SRR1204655	499831	420264	256	75924	891	2514	238
hg19/STAR/SRR1204656	507679	437850	174	66510	837	2271	211
hg19/STAR/SRR1257225	54226363	10577592	815	42526201	322797	782545	17228
hg19/STAR/SRR1257226	40647770	7215632	425	32777127	247350	394654	13007
hg19/STAR/SRR1257227	53825881	9274935	1031	43510094	246864	777482	16506
hg19/STAR/SRR1257228	55715574	10216849	819	44667999	307619	501987	21120
hg19/STAR/SRR1257229	60128196	10725337	834	48596380	301533	483430	21516
hg19/STAR/SRR1257230	49556634	8551828	1030	40195100	248264	544082	17360
hg19/STAR/SRR1257231	63777979	11907385	889	50470482	354014	1021492	24606
hg19/STAR/SRR1257232	50651096	9283694	684	40646193	275322	427235	18652
hg19/STAR/SRR1257233	31773712	5719833	666	25499628	178805	364970	10476
hg19/STAR/SRR1257234	36672196	6196837	554	29989791	192170	281433	11965
hg19/STAR/SRR1257235	52691690	9060371	688	42966348	272551	376075	16345
hg19/STAR/SRR1257236	79357291	13516359	1561	64688961	394232	732419	25320
hg19/STAR/SRR1257237	55778091	7666204	449	46932046	294303	871257	14281
hg19/STAR/SRR1257238	36458337	5804693	450	29580146	226872	835841	10785
hg19/STAR/SRR1257239	54380338	6820909	483	46518748	243944	786663	10074
hg19/STAR/SRR1257240	80104743	11513179	767	66949438	495224	1127827	19075
hg19/STAR/SRR1257241	57046986	8694845	543	47285341	346271	704289	16240
hg19/STAR/SRR1257242	63410192	9401965	615	52663553	421063	907098	16513
hg19/STAR/SRR1257243	41970905	5369864	722	35218548	209588	1162686	10219
hg19/STAR/SRR1257244	64700866	9520475	556	53704003	431833	1027073	17482
hg19/STAR/SRR1257245	55601350	8595772	530	45874379	286475	829698	15026
hg19/STAR/SRR1257246	64151155	8916372	680	54000147	399984	819253	15399
hg19/STAR/SRR1257247	60411307	9758907	716	49413327	429734	791825	17514
hg19/STAR/SRR1257248	49839801	7505316	638	41330440	260971	731380	11694
hg19/STAR/SRR1257249	40200049	5511336	333	33514988	220345	946292	7088
hg19/STAR/SRR1257250	50267562	7434987	431	41735444	236908	851132	9091
hg19/STAR/SRR1257251	47582802	7155123	393	39568322	211171	638017	10169
hg19/STAR/SRR1257252	56263302	7760695	457	47580168	220345	691347	10747
hg19/STAR/SRR1257253	51707241	6937240	413	43939792	243768	575880	10561
hg19/STAR/SRR1257254	50518337	7805753	428	41984142	228388	489251	10803
hg19/STAR/SRR1257255	49901269	6632767	342	41940603	237518	1081399	8982
hg19/STAR/SRR1257256	52348024	7772641	421	43631636	247425	684581	11741
hg19/STAR/SRR1257257	50511684	7503311	364	42235300	247636	513734	11703
hg19/STAR/SRR1257258	55452986	7513961	537	47073440	204907	650512	10166
hg19/STAR/SRR1257259	54947426	8090240	506	44794343	274157	1777500	11186
hg19/STAR/SRR1257260	43808444	6443812	317	36787114	212891	356347	8280
hg19/STAR/SRR1257261	50551493	6617195	461	42169887	211835	1544028	8548
hg19/STAR/SRR1257262	49395776	7179603	457	40780849	222233	1203629	9462
hg19/STAR/SRR1257263	37493958	5848190	299	30832874	144468	659954	8472
hg19/STAR/SRR1257264	40574365	5786978	374	34208588	198424	371424	8951
hg19/STAR/SRR1257265	54880156	7979067	400	46048752	249613	591496	11228
hg19/STAR/SRR1257266	48982180	7731119	385	40503090	245336	492109	10526
hg19/STAR/SRR1257267	55042071	7601221	422	46001399	226209	1202106	11136
hg19/STAR/SRR1257268	57552229	8502157	407	48045372	247374	743668	13658
hg19/STAR/SRR1257269	60276357	8958699	407	50368478	276191	659269	13720
hg19/STAR/SRR1257270	55204923	7804195	422	46701028	237463	450460	11777
hg19/STAR/SRR1257271	35881060	5360234	247	30003906	162979	346908	7033
hg19/STAR/SRR1257272	51614239	7806267	404	43228403	225857	342154	11558
hg19/STAR/SRR1333393	143267031	28689881	3058	103712422	4269273	6494571	100884
hg19/STAR/SRR1333394	152119450	42150243	3813	95975322	3726092	10073130	194663
hg19/STAR/SRR1507056	139047315	27187974	6	47496514	749698	63606933	6196
hg19/STAR/SRR1507057	138847639	30487509	4	50664903	975678	56712083	7466
hg19/STAR/SRR1507058	80719271	13103413	6	38591555	197681	28820663	5959
hg19/STAR/SRR1528630	128248167	6541438	2407418	11079321	1916976	108707097	3335
hg19/STAR/SRR1528631	178670949	8514180	2064613	25369614	4564911	140203788	18456
hg19/STAR/SRR1528632	15021421	3648762	291	7995908	2634792	696153	45806
hg19/STAR/SRR1528633	14794249	3572444	242	7906339	2590020	680141	45305
hg19/STAR/SRR1528686	19459603	7645007	364	10878777	146632	776503	12684
hg19/STAR/SRR1528687	26851880	10289044	452	15233886	209586	1101116	18248
hg19/STAR/SRR1528688	17329007	8070656	326	8560612	218435	468301	11003
hg19/STAR/SRR1528689	23882383	10865672	391	12033990	310696	656136	15889
hg19/STAR/SRR1528690	21361142	8230890	545	11472190	735965	898587	23510
hg19/STAR/SRR1528691	29994611	11565114	629	16070605	1049022	1276058	33812
hg19/STAR/SRR1528692	25084959	9610175	633	13658167	1078810	699718	38089
hg19/STAR/SRR1528693	35405303	13578036	717	19242237	1543022	986848	55160
hg19/STAR/SRR1528694	14867411	6036089	259	8239373	147136	443020	1793
hg19/STAR/SRR1528695	20331238	7999930	281	11501201	207757	619758	2592
hg19/STAR/SRR1528696	19391749	6197305	497	11536320	416305	1208539	33280
hg19/STAR/SRR1528697	27133702	8576425	603	16180204	591473	1737105	48495
hg19/STAR/SRR1535516	28005271	3506270	7	24208193	182589	99033	9186
hg19/STAR/SRR1535517	28811604	3551761	13	24969027	184714	96602	9500
hg19/STAR/SRR1535518	28826854	3555734	6	24984304	184142	93283	9391
hg19/STAR/SRR1535519	13838406	2734861	3	10883882	161921	53483	4259
hg19/STAR/SRR1535520	14001007	2722900	3	11059312	161279	53173	4343
hg19/STAR/SRR1535521	14023453	2728550	2	11078299	160982	51312	4310
hg19/STAR/SRR1535522	24354727	3162346	4	20849789	237854	99954	4784
hg19/STAR/SRR1535523	26745265	3368926	3	23012579	255134	103583	5043
hg19/STAR/SRR1535524	26760063	3369792	2	23028155	255936	101094	5086
hg19/STAR/SRR1535525	20433663	1979399	9	17903403	169196	379277	2388
hg19/STAR/SRR1535526	20583056	1966151	5	18061999	169988	382560	2358
hg19/STAR/SRR1535527	20600313	1973890	9	18071570	170222	382270	2361
hg19/STAR/SRR1535528	27529541	2199041	8	24047268	250190	1029883	3159
hg19/STAR/SRR1535529	30570812	2385438	16	26758184	272760	1151258	3172
hg19/STAR/SRR1535530	30686462	2393149	12	26862573	275065	1152465	3210
hg19/STAR/SRR1535531	16042192	1596487	5	13034268	121609	1287526	2302
hg19/STAR/SRR1535532	15904319	1562917	4	12931301	119823	1288110	2168
hg19/STAR/SRR1535533	15929488	1567562	4	12948152	120039	1291480	2255
hg19/STAR/SRR1535534	5505090	1320132	7	3919094	111942	151480	2442
hg19/STAR/SRR1535535	6226899	1496848	1	4437279	128647	161354	2771
hg19/STAR/SRR1535536	6210696	1494127	2	4425949	128461	159397	2762
hg19/STAR/SRR1535537	6607418	1577688	1	4706635	119745	200557	2793
hg19/STAR/SRR1535538	7510834	1799944	3	5356240	137561	213933	3156
hg19/STAR/SRR1535539	7492338	1797889	3	5341283	137613	212493	3060
hg19/STAR/SRR1535540	34044323	7036335	28	25124947	611814	1256369	14858
hg19/STAR/SRR1535541	37142892	7739836	18	27390916	679860	1315817	16463
hg19/STAR/SRR1535542	37154061	7741873	19	27411654	680837	1303361	16336
hg19/STAR/SRR1535543	11581738	2397093	18	8127715	271501	781066	4363
hg19/STAR/SRR1535544	13054024	2717565	20	9160093	311273	860018	5075
hg19/STAR/SRR1535545	13020354	2711501	10	9136022	311681	856117	5033
hg19/STAR/SRR1535546	19193466	3254744	12	13429991	395292	2109928	3511
hg19/STAR/SRR1535547	21476971	3678214	11	15036062	449363	2309813	3519
hg19/STAR/SRR1535548	21437505	3668297	9	15013497	449037	2303145	3529
hg19/STAR/SRR1535549	6910335	889378	1	4978876	161898	877453	2730
hg19/STAR/SRR1535550	7836683	1013811	0	5654911	183478	981340	3143
hg19/STAR/SRR1535551	7808856	1008459	3	5639537	183881	973982	2997
hg19/STAR/SRR1573930	205468986	66864896	5643	123582249	6190635	7964999	866207
hg19/STAR/SRR1573931	198543728	58098318	6841	128220820	5912719	6267366	44505
hg19/STAR/SRR1573932	209942527	56784352	7016	142508888	5452395	5155706	41186
hg19/STAR/SRR1573933	154525415	33547047	6020	111877883	4240797	4780316	79372
hg19/STAR/SRR1573934	178817864	52400405	7814	114798219	4601801	6982968	34471
hg19/STAR/SRR1573937	67041213	12266040	7729	49784957	977853	4007151	5212
hg19/STAR/SRR1573938	74065326	6677884	8158	63412719	549183	3421161	4379
hg19/STAR/SRR1573939	369805711	50566059	34853	300307872	8159270	10704536	67974
hg19/STAR/SRR1573940	374304740	53165694	44598	295818506	11287029	13948384	85127
hg19/STAR/SRR1585486	24004434	14374093	41	7243713	420301	1904285	62042
hg19/STAR/SRR1585487	18542777	9517247	6	5547045	359192	3076440	42853
hg19/STAR/SRR1585488	39157230	16665434	9	10124301	807792	11423186	136517
hg19/STAR/SRR1585490	33602305	14008847	2	9841991	651122	8972683	127662
hg19/STAR/SRR1585491	31709360	13607983	6	9990646	710904	7359806	40021
hg19/STAR/SRR1585492	38133790	13202673	8	11377475	763290	12667213	123139
hg19/STAR/SRR1585493	22433907	9105449	3	5172351	340057	7685998	130052
hg19/STAR/SRR1585494	33869788	15792741	2	9057357	668227	8251247	100216
hg19/STAR/SRR1585495	12356629	6673177	106	4056770	264402	1328874	33406
hg19/STAR/SRR1585496	18050055	9929057	88	4578026	308268	3200028	34676
hg19/STAR/SRR1585497	18009184	5785194	3	4744265	298012	7121490	60223
hg19/STAR/SRR1585498	29827680	16913787	6	8564529	823794	3447477	78093
hg19/STAR/SRR1585499	13893422	6342965	63	4080713	241586	3212432	15726
hg19/STAR/SRR1585500	9465605	2697275	71	2234869	3366481	1085954	81026
hg19/STAR/SRR1585501	30844021	11269423	6	9129396	705757	9670216	69229
hg19/STAR/SRR1585502	27498391	17450589	84	7393605	494445	2024729	135023
hg19/STAR/SRR1585503	32064755	16857610	4	9390305	816087	4926246	74507
hg19/STAR/SRR1585504	24822786	15223055	31	6851217	435370	2262919	50225
hg19/STAR/SRR1585505	16905207	8047189	1	5292687	385519	3137996	41816
hg19/STAR/SRR1585506	13791684	8453668	11	3467981	268582	1582482	18971
hg19/STAR/SRR1585507	33759368	18989620	2	9882652	784762	4012963	89371
hg19/STAR/SRR1585508	24627148	13980821	2	7166905	687744	2722944	68734
hg19/STAR/SRR1585509	28610611	15301925	4	8974191	556995	3718997	58503
hg19/STAR/SRR1585510	28544291	17946725	41	7789091	481434	2266608	60433
hg19/STAR/SRR1585511	19751646	12744360	11	5179714	340777	1416493	70302
hg19/STAR/SRR1585512	23613093	13106822	1	6423484	547726	3438411	96650
hg19/STAR/SRR1585513	20772012	11150300	0	5899126	497083	3159865	65638
hg19/STAR/SRR1585514	28003170	15618852	1	7784950	598522	3947745	53101
hg19/STAR/SRR1585515	27691077	14065232	2	8153353	1680986	3693209	98297
hg19/STAR/SRR1585516	27236837	17528846	26	7276510	492948	1866477	72056
hg19/STAR/SRR1585517	18794776	10136225	1	5317824	435517	2857105	48105
hg19/STAR/SRR1585518	27182328	14698700	7	8212951	728191	3458682	83804
hg19/STAR/SRR1585519	25721545	14282365	1	7853923	472287	3036322	76648
hg19/STAR/SRR1585520	13411518	7213824	0	3914866	218677	2045079	19072
hg19/STAR/SRR1585521	13545825	7573719	10	4382811	282771	1272492	34032
hg19/STAR/SRR1585522	19451846	11270112	77	5928130	318907	1891234	43463
hg19/STAR/SRR1585523	21306606	11884460	2	6305378	355501	2713954	47313
hg19/STAR/SRR1585524	21221810	11288264	3	6537290	430010	2912374	53872
hg19/STAR/SRR1585525	18831560	8605936	81	5346104	429120	4372785	77615
hg19/STAR/SRR1585526	11841515	6015051	7	3227705	293839	2274955	29965
hg19/STAR/SRR1585527	12147124	5440398	20	3417981	167252	3097644	23849
hg19/STAR/SRR1585528	17998482	9635906	4	5454565	408132	2465444	34435
hg19/STAR/SRR1585529	18638983	10147991	0	5480316	390285	2588082	32309
hg19/STAR/SRR1585530	13133900	6715062	12	3576708	213013	2588003	41114
hg19/STAR/SRR1585531	19502450	9759162	18	5555133	353652	3698529	135974
hg19/STAR/SRR1585532	25995614	14281884	3	7847662	598828	3218281	48959
hg19/STAR/SRR1585533	13958916	5567591	40	4415981	222390	3736085	16869
hg19/STAR/SRR1585534	16823087	9148038	0	4950622	294378	2398373	31676
hg19/STAR/SRR1585535	17427150	8664394	10	4658119	343028	3689995	71614
hg19/STAR/SRR1585536	18592271	9887330	15	5023227	358086	3272950	50678
hg19/STAR/SRR1585538	21062981	10358149	66	5564285	254302	4860114	26131
hg19/STAR/SRR1585539	31202186	18849793	54	9283554	520068	2432222	116549
hg19/STAR/SRR1585540	15519867	7358572	67	4116178	209519	3818039	17559
hg19/STAR/SRR1585541	35449232	21968072	63	9722585	542346	3030130	186099
hg19/STAR/SRR1585542	27119206	16220036	145	7806245	478115	2572266	42544
hg19/STAR/SRR1585543	15566409	8618116	10	4133301	300348	2462223	52421
hg19/STAR/SRR1585544	13895642	6732854	76	3753517	178712	3213993	16566
hg19/STAR/SRR1585545	28497536	10671217	6	8292887	542069	8925767	65596
hg19/STAR/SRR1585546	11251060	6027517	9	3106438	287256	1752488	77361
hg19/STAR/SRR1585547	34345702	20577544	91	9972423	738104	2980822	76809
hg19/STAR/SRR1585548	30321530	16288355	2	8406311	706450	4855109	65305
hg19/STAR/SRR1585549	26502417	16985592	39	7220220	429395	1805404	61806
hg19/STAR/SRR1585550	16183217	7090328	91	5023723	677737	3191850	199579
hg19/STAR/SRR1585551	24034489	14687506	25	6771433	377846	2161213	36491
hg19/STAR/SRR1585552	24341022	14629911	41	6988326	491539	2171633	59613
hg19/STAR/SRR1585553	19920664	11769444	50	5816182	435722	1825689	73627
hg19/STAR/SRR1585554	22420150	14334963	31	6126144	409632	1506613	42798
hg19/STAR/SRR1585555	21511072	12921541	55	6112009	509259	1888410	79853
hg19/STAR/SRR1585556	32717625	21451157	10	8556564	692457	1957582	59865
hg19/STAR/SRR1585557	15304557	6905367	54	4193372	203165	3980699	21954
hg19/STAR/SRR1610244	39919376	9468517	1926	28619197	644711	1142504	44447
hg19/STAR/SRR1610245	31771633	8034407	1625	21923128	496451	1289672	27975
hg19/STAR/SRR1610246	41069821	6153936	1491	33815210	614533	439452	46690
hg19/STAR/SRR1610247	30361198	4092614	1182	25448201	273159	523707	23517
hg19/STAR/SRR1610248	38276405	8849285	1615	28374257	434238	575903	42722
hg19/STAR/SRR1610249	42584962	7510520	1651	34048092	486149	505727	34474
hg19/STAR/SRR1610250	32192706	4945227	1371	26367850	328742	510780	40107
hg19/STAR/SRR1610251	46609309	5978902	2415	39303449	473148	791075	62735
hg19/STAR/SRR1610252	29703437	5554042	2157	22958959	341416	819338	29682
hg19/STAR/SRR1610253	20123362	3692252	1625	15520866	218104	675460	16680
hg19/STAR/SRR1610254	33631684	6896096	2507	25478157	383367	839830	34234
hg19/STAR/SRR1610255	31865253	4239670	2360	22101757	322497	5171859	29470
hg19/STAR/SRR1610256	32864162	6809736	3999	24715658	332808	971771	34189
hg19/STAR/SRR1610257	25302434	5022987	2911	19217883	214341	826866	20357
hg19/STAR/SRR1610258	18114464	3013075	3008	13549236	176943	1362242	12968
hg19/STAR/SRR1610259	17149539	1880448	4881	13849036	134930	1268519	16606
hg19/STAR/SRR1660328	30673665	8903184	546	15952021	4703044	843993	271423
hg19/STAR/SRR1660329	39514994	6388272	622	30388746	1606156	934809	197011
hg19/STAR/SRR1660330	42773148	10874016	2017	20940501	9211887	1349495	397249
hg19/STAR/SRR1660331	37562434	9534349	1422	16782155	9702511	1226036	317383
hg19/STAR/SRR1660332	61545560	10565520	2902	45085505	3915536	1661971	317028
hg19/STAR/SRR1660334	29715958	7219479	1281	13851680	7433465	1004844	206490
hg19/STAR/SRR1660335	43565058	10366409	2207	19431684	12041156	1383919	341890
hg19/STAR/SRR1661491	23525682	1715659	90458	18936629	1375176	1351967	146251
hg19/STAR/SRR1661492	21062618	12582672	451368	6296322	456564	1275281	451779
hg19/STAR/SRR1661493	36490823	5333524	264605	21040572	6496179	3189469	431079
hg19/STAR/SRR1661494	22039846	13005191	561653	6419120	600868	1437785	576882
hg19/STAR/SRR1661495	26427579	2021352	25460	21208943	1545209	1491430	160645
hg19/STAR/SRR1661496	26388944	18547512	68745	6067422	461639	639913	672458
hg19/STAR/SRR1661497	26197590	1476296	17858	22229890	874235	1409898	207271
hg19/STAR/SRR1661498	29088381	20044149	52758	7183920	498314	583381	778617
hg19/STAR/SRR1758378	41825335	10511573	1495	24248889	4370517	2053222	641134
hg19/STAR/SRR1758379	36636226	9043096	1296	23607886	1986346	1629005	369893
hg19/STAR/SRR1758380	39783028	10562717	1384	23407321	4088163	1494922	229905
hg19/STAR/SRR1758381	36502981	9677525	1298	20564527	4661857	1200033	399039
hg19/STAR/SRR1758390	10329579	2235013	375	7154209	446662	400053	93642
hg19/STAR/SRR1758391	10413854	2049616	375	7066090	987394	214990	95764
hg19/STAR/SRR1758392	12443033	2612497	324	8825823	408474	440400	155839
hg19/STAR/SRR1758393	11455421	2741516	325	6740002	1395085	442665	136153
hg19/STAR/SRR1758394	9277818	920767	263	7727110	381272	177865	70804
hg19/STAR/SRR1758395	10436323	1619244	324	8109444	327935	235884	143816
hg19/STAR/SRR1758396	13076529	1445178	331	10535346	512370	394378	189257
hg19/STAR/SRR1758397	9903179	1616406	325	7534605	317597	262072	172499
hg19/STAR/SRR1758406	23121155	5357374	745	14149283	3063733	386947	163818
hg19/STAR/SRR1758407	24122468	6911731	788	12480060	3567399	612373	550905
hg19/STAR/SRR1758408	22905412	6665870	766	11284080	3826980	665642	462840
hg19/STAR/SRR1758409	21576379	6649030	678	11414209	2470166	529761	513213
hg19/STAR/SRR1758410	26677279	4636018	802	16570359	4319475	468410	683017
hg19/STAR/SRR1758411	17186527	4263874	734	9567356	2322955	514241	518101
hg19/STAR/SRR1758412	23206925	5533686	752	11445948	4521049	851036	855206
hg19/STAR/SRR1758413	26753435	4158029	737	20439176	1456853	385842	313535
hg19/STAR/SRR1795425	66522481	8534791	6637	55940658	883693	1129353	33986
hg19/STAR/SRR1795426	47097773	5327585	4285	40415711	515428	823200	15849
hg19/STAR/SRR1795427	46627504	11297342	2739	33634591	804052	862535	28984
hg19/STAR/SRR1795428	59718246	6623661	2135	51823405	434196	823066	13918
hg19/STAR/SRR1795429	34920299	4084777	2111	29971491	451880	395134	17017
hg19/STAR/SRR1795430	37936519	3996482	2118	33035446	397596	494078	12917
hg19/STAR/SRR1795431	31489937	5869898	1457	24208004	545519	858324	8192
hg19/STAR/SRR1795432	33877893	3592872	1181	29337699	318565	624387	4370
hg19/STAR/SRR1795433	41888228	5222798	1604	34594054	677524	1377300	16552
hg19/STAR/SRR1795434	53171517	4465069	1699	46802559	560408	1331329	12152
hg19/STAR/SRR1795435	26069690	3813898	2311	20874660	457003	882186	41943
hg19/STAR/SRR1795436	40209185	3417214	2460	35489524	358632	914456	29359
hg19/STAR/SRR1795437	41456004	6690029	2445	32797437	1089582	813561	65395
hg19/STAR/SRR1795438	44663789	5566399	2494	37384911	825429	847827	39223
hg19/STAR/SRR1795439	60091607	7508807	3690	50318090	1024574	1196437	43699
hg19/STAR/SRR1795440	48084999	5204698	2795	41194579	656823	1005906	22993
hg19/STAR/SRR1802129	20461785	2714084	930	17047460	149390	549322	1529
hg19/STAR/SRR1802130	21922463	3086319	1003	18217433	151006	465803	1902
hg19/STAR/SRR1802131	19566592	3108355	974	15856913	143174	455962	2188
hg19/STAR/SRR1802132	21323532	4416542	1235	16345790	153626	405249	2325
hg19/STAR/SRR1802133	19471510	1304712	1374	17747629	95646	322520	1003
hg19/STAR/SRR1802134	16740599	1176667	1453	15183976	99679	279211	1066
hg19/STAR/SRR1802135	22900654	1718449	1726	20702778	105148	372834	1445
hg19/STAR/SRR1802136	18789921	2268453	1315	16102311	104835	312948	1374
hg19/STAR/SRR1802137	24729804	4979637	677	18819484	189025	739401	2257
hg19/STAR/SRR1802138	33544613	5481708	959	26478490	241266	1340129	3020
hg19/STAR/SRR1802139	24861427	7650715	659	16542455	264949	398232	5076
hg19/STAR/SRR1802140	26958590	4529418	605	21438898	179026	809043	2205
hg19/STAR/SRR1802141	28512044	6246527	683	21508541	206132	547693	3151
hg19/STAR/SRR1802142	27786126	6745702	791	20112397	231228	693191	3608
hg19/STAR/SRR1802146	15464601	2328102	472	12495584	248447	389434	3034
hg19/STAR/SRR1802147	18806983	4327264	877	13896322	203129	375469	4799
hg19/STAR/SRR1802148	18291998	4590978	960	12992624	214864	488700	4832
hg19/STAR/SRR1802149	18709141	1313602	906	16916264	70705	406259	2311
hg19/STAR/SRR1802150	16878281	1535422	983	14942145	72924	325915	1875
hg19/STAR/SRR1802151	17097132	1737929	999	14725150	90185	541904	1964
hg19/STAR/SRR1802152	13903088	1970411	730	11294303	210996	424852	2526
hg19/STAR/SRR1802153	18226601	3879156	1152	13700780	186496	455984	4185
hg19/STAR/SRR1802154	14321915	3407466	1002	10288677	162660	459280	3832
hg19/STAR/SRR1802155	18654775	1250986	1333	16836521	68334	497012	1922
hg19/STAR/SRR1802156	17709667	1571560	1568	15604481	74847	456940	1839
hg19/STAR/SRR1802157	19244194	1927949	1608	16453626	98920	761678	2021
hg19/STAR/SRR1916542	20383631	8488442	501	9495613	846881	1525556	27139
hg19/STAR/SRR1916543	24999647	9743003	560	12091387	797892	2320606	46759
hg19/STAR/SRR1916544	28266436	9764740	1351	10234659	1403799	6833196	30042
hg19/STAR/SRR1916545	29710296	10310798	967	10895637	1505747	6965376	32738
hg19/STAR/SRR1916546	23334785	4815266	779	7809026	420707	10270512	19274
hg19/STAR/SRR1916547	24670972	5109841	542	8380223	453495	10706476	20937
hg19/STAR/SRR1916548	28022301	7585560	1177	13798167	537935	6067515	33124
hg19/STAR/SRR1916549	29247153	7946733	835	14569005	570108	6125929	35378
hg19/STAR/SRR1916550	22766330	3109295	709	6758568	181223	12699377	17867
hg19/STAR/SRR1916551	23922431	3304291	517	7244633	192321	13161577	19609
hg19/STAR/SRR1976443	183890161	32154377	3762	132640024	15697198	3351350	47212
hg19/STAR/SRR1976444	129146317	14661560	3927	103444855	7250896	3776885	12121
hg19/STAR/SRR1976445	146435019	15924686	3520	120544863	4087561	5869925	7984
hg19/STAR/SRR1976446	138213042	15129749	3681	113361036	4287951	5426957	7349
hg19/STAR/SRR1976447	194344188	18916907	3216	162271137	10241576	2856453	58115
hg19/STAR/SRR1976448	128773755	11743779	2936	109642491	2948010	4395399	44076
hg19/STAR/SRR2052911	14872711	6129864	538	7241047	459997	949105	92698
hg19/STAR/SRR2052912	17704715	11081528	849	6052980	259597	299060	11550
hg19/STAR/SRR2052913	17794133	5700033	450	10108307	1300963	606551	78279
hg19/STAR/SRR2052914	25987437	15117746	1540	9578603	492444	781201	17443
hg19/STAR/SRR2052915	24563183	10574384	392	11710517	736136	1402673	139473
hg19/STAR/SRR2052916	10806930	3686036	237	5692416	312276	1105141	11061
hg19/STAR/SRR2052917	29583013	10704439	451	16030193	1488222	1216864	143295
hg19/STAR/SRR2052918	32261591	10114197	4117	17292269	682193	4152732	20200
hg19/STAR/SRR2052919	11508222	3385909	297	7008128	813386	271609	29190
hg19/STAR/SRR2052920	7207773	4128212	962	2819107	201199	55943	3312
hg19/STAR/SRR2052921	13385553	5323256	971	5868055	457158	1671276	65808
hg19/STAR/SRR2052922	11104625	4493263	1235	4650266	257693	1695982	7421
hg19/STAR/SRR2052923	3135501	807158	243	1894854	236819	189208	7462
hg19/STAR/SRR2052924	6546910	3518244	2921	2860555	84061	81301	2749
hg19/STAR/SRR2052925	734096	272738	83	400007	47864	11409	2078
hg19/STAR/SRR2052926	6843947	3430597	526	3058717	171588	180112	2933
hg19/STAR/SRR2052927	6704599	1794181	1080	4254898	486929	147995	20596
hg19/STAR/SRR2052928	5814924	2443832	1272	2612303	148541	607341	2907
hg19/STAR/SRR2052929	3402055	984008	736	2064771	267813	80417	5046
hg19/STAR/SRR2052930	5599676	1632983	452	3021274	248616	693268	3535
hg19/STAR/SRR2052931	4745356	1817412	75	2383035	439215	96162	9532
hg19/STAR/SRR2052932	2312972	1319849	424	902937	61987	27253	946
hg19/STAR/SRR2052933	3932577	1133193	156	2478997	238794	72565	9028
hg19/STAR/SRR2052934	8551819	5265007	590	3140475	99168	42238	4931
hg19/STAR/SRR2052935	16157437	4094140	4121	9996585	1091227	949326	26159
hg19/STAR/SRR2052936	14953628	5334331	3128	8144009	652191	800599	22498
hg19/STAR/SRR2052937	16071399	4702008	4367	9274298	1272310	801368	21415
hg19/STAR/SRR2052938	16968297	5421401	9560	9556825	638690	1328114	23267
hg19/STAR/SRR2052939	15260392	3051621	4082	10035910	1575307	567816	29738
hg19/STAR/SRR2052940	14965606	4365913	4156	9311632	575575	695876	16610
hg19/STAR/SRR2052941	11180459	2562040	2705	7302210	933771	371888	10550
hg19/STAR/SRR2052942	14138795	3300690	2392	9466679	870945	482081	18400
hg19/STAR/SRR2052943	11133036	2466960	3038	7404168	903931	346893	11084
hg19/STAR/SRR2052944	12493324	1593235	4168	10379754	169966	347780	2589
hg19/STAR/SRR2052945	18689837	4785987	2384	10944918	2317063	621237	20632
hg19/STAR/SRR2052946	16491344	6237648	1938	8380812	987983	872072	12829
hg19/STAR/SRR2052947	2365174	768780	292	1404616	132512	55759	3507
hg19/STAR/SRR2052948	1676026	535985	236	990460	67503	77747	4331
hg19/STAR/SRR2052949	3158208	1124153	1152	1690785	199207	138346	5717
hg19/STAR/SRR2052950	2479921	931188	819	1309796	90654	143303	4980
hg19/STAR/SRR2052951	1751757	504869	699	1056484	79970	107225	3209
hg19/STAR/SRR2052952	1948799	472709	605	1330404	67133	74350	4203
hg19/STAR/SRR2052953	6003371	1310084	951	4213451	196107	275931	7798
hg19/STAR/SRR2052954	1877717	521068	650	1175767	51311	127511	2060
hg19/STAR/SRR2052955	15236245	3368919	1211	11271551	430770	155193	9812
hg19/STAR/SRR2052956	2717843	1007544	2520	1379105	103767	221421	6006
hg19/STAR/SRR2052957	2204956	759768	1111	1033334	94818	314547	2489
hg19/STAR/SRR2052958	2054955	547482	658	1227783	115524	159306	4860
hg19/STAR/SRR2052983	49644336	26585576	20074	21706304	668302	670830	13324
hg19/STAR/SRR2052984	31239772	6259218	7451	23998075	444054	531249	7176
hg19/STAR/SRR2052985	28706955	1624425	2039	26540426	256219	281646	4239
hg19/STAR/SRR2052986	30640925	2670548	3080	26913587	635298	411501	9991
hg19/STAR/SRR2052987	30892478	1420404	2156	28769121	327269	371783	3901
hg19/STAR/SRR2052988	29110440	1656064	1450	26644164	449835	350940	9437
hg19/STAR/SRR2052989	50597704	3717138	953	45985938	631087	256904	6637
hg19/STAR/SRR2052990	34805125	4928167	1087	29092122	538905	235943	9988
hg19/STAR/SRR2052991	35064404	6862364	4045	27315064	522846	353021	11109
hg19/STAR/SRR2052992	33521490	6311652	824	26353549	647612	202110	6567
hg19/STAR/SRR2052993	35200207	5315826	2530	29155679	415960	304859	7883
hg19/STAR/SRR2052994	31855247	8949473	3474	22095056	589270	215420	6028
hg19/STAR/SRR2052995	28869076	1414081	1236	26827319	306634	315351	5691
hg19/STAR/SRR2052996	26582694	3017538	1709	22845834	410713	301089	7520
hg19/STAR/SRR2052997	35151798	2444960	1335	31761971	476889	459400	8578
hg19/STAR/SRR2052998	27779927	1020052	2225	25825076	498556	426409	9834
hg19/STAR/SRR2052999	45406007	2495117	2776	41557445	604215	737831	11399
hg19/STAR/SRR2053000	33327102	1366912	1103	31228989	522999	201132	7070
hg19/STAR/SRR2053001	34896902	5690419	2544	28490417	423444	283907	8715
hg19/STAR/SRR2053002	31482560	11379040	2716	19128481	530574	434184	10281
hg19/STAR/SRR2053003	33596455	11263725	1283	21572636	521378	225779	12937
hg19/STAR/SRR2053004	39565806	3840402	1224	34819065	478916	419179	8244
hg19/STAR/SRR2064430	12619101	2118251	166	10389056	7378	103125	1291
hg19/STAR/SRR2064431	34933124	8347620	378	25772733	15310	794805	2656
hg19/STAR/SRR2064432	14257221	4107274	230	9902386	21346	224172	2043
hg19/STAR/SRR2064433	16240947	7172259	210	8707036	45748	313304	2600
hg19/STAR/SRR2064434	16455448	5840128	228	10353601	26907	233495	1317
hg19/STAR/SRR2064435	16693673	7339510	243	9104402	31309	217333	1119
hg19/STAR/SRR2064449	26191006	6351505	1116	18394068	1248678	178541	18214
hg19/STAR/SRR2064450	30630379	11440241	954	17650621	1245155	257012	37350
hg19/STAR/SRR2064451	20130179	4145471	250	12119106	819280	3029585	16737
hg19/STAR/SRR2064452	19703948	4163949	233	10429935	290912	4809941	9211
hg19/STAR/SRR2064453	31173424	8290636	596	21271899	1396479	198970	15440
hg19/STAR/SRR2064454	28398741	8605466	610	18312040	1110555	347004	23676
hg19/STAR/SRR2064455	23933658	3181543	333	16620618	1521974	2579993	29530
hg19/STAR/SRR2064456	29331563	6302654	525	17170991	990081	4839135	28702
hg19/STAR/SRR2064566	21450548	3842279	445	12511611	2153581	2884194	58883
hg19/STAR/SRR2064567	21105280	3758408	410	12353332	2113057	2821777	58706
hg19/STAR/SRR2075417	29365657	8529381	124979	13945663	1075141	1652032	4163440
hg19/STAR/SRR2075418	62485200	36111788	2409107	16398325	1307025	6800072	1867990
hg19/STAR/SRR2075419	25609568	10547226	122611	11804346	779357	1944536	534103
hg19/STAR/SRR2075420	44646468	39170421	99084	2317581	33061	3039139	86266
hg19/STAR/SRR2086025	20147155	5646912	1220	13515741	248561	708963	26978
hg19/STAR/SRR2086026	26614236	7369772	1811	17931884	310493	974437	27650
hg19/STAR/SRR2086027	29175772	7740976	1576	20293626	367509	742240	31421
hg19/STAR/SRR2086028	39990203	10160918	2243	28690179	411918	681786	45402
hg19/STAR/SRR2086029	37914714	9841568	2168	26614949	389959	1022045	46193
hg19/STAR/SRR2086030	21868407	5478427	1250	15087436	212953	1063007	26584
hg19/STAR/SRR2086031	31675282	7598537	2446	22648827	364744	998696	64478
hg19/STAR/SRR2096964	33723181	7993075	1771	20078764	4479271	1033899	138172
hg19/STAR/SRR2096965	22746815	4302509	1226	15484702	2290904	609573	59127
hg19/STAR/SRR2096966	21666877	3473055	1185	15166526	2441861	535262	50173
hg19/STAR/SRR2096967	22008443	1118190	1167	18139875	2039529	666068	44781
hg19/STAR/SRR2096968	15402258	499400	810	13584165	900254	396384	22055
hg19/STAR/SRR2096969	22744923	1055259	1094	17971889	2952570	715417	49788
hg19/STAR/SRR2096970	24062717	5353337	1117	14856007	3045481	711334	96558
hg19/STAR/SRR2096971	18606012	3345656	1040	12936402	1801543	473670	48741
hg19/STAR/SRR2096972	18292542	2922705	787	12885473	2024980	417223	42161
hg19/STAR/SRR2096973	14244629	666715	1041	11847037	1253725	449745	27407
hg19/STAR/SRR2096974	22940123	708491	981	20401482	1298939	498803	32408
hg19/STAR/SRR2096975	25339316	1051041	1102	20543183	2970700	722758	51634
hg19/STAR/SRR2146889	28351718	12241707	1254	15047701	518394	520814	23102
hg19/STAR/SRR2146890	16992276	11869542	23	4439916	505365	144769	32684
hg19/STAR/SRR2146891	26826366	11919407	1282	13945458	459151	484854	17496
hg19/STAR/SRR2146892	15735649	11487079	38	3710279	385589	127725	24977
hg19/STAR/SRR2146893	36266729	10339890	1548	24741949	457914	709266	17710
hg19/STAR/SRR2146894	14864244	9993911	38	4166049	475343	203958	24983
hg19/STAR/SRR2433794.fastq.gz	31967082	20140492	2817	8768929	767873	2077255	212533
hg19/STAR/SRR2873530	26955628	12613033	493	11893386	2132373	262132	54704
hg19/STAR/SRR2873531	27036987	12651953	495	11921344	2129569	279428	54693
hg19/STAR/SRR2873532	33534639	15584166	884	13783908	3603778	431227	131560
hg19/STAR/SRR2873533	33700945	15660033	987	13848146	3603632	457088	132046
hg19/STAR/SRR2873534	35438255	14146609	2094	15458833	4604299	1096179	132335
hg19/STAR/SRR2873535	35606483	14219722	2046	15532620	4619078	1101936	133127
hg19/STAR/SRR2873536	37532494	15362408	1935	16924777	3457879	1726361	61069
hg19/STAR/SRR2873537	37770568	15457694	1782	17032751	3476769	1741376	61978
hg19/STAR/SRR2873538	31917615	14291166	1509	13601025	3114119	850367	60938
hg19/STAR/SRR2873539	31886586	14280262	1457	13588893	3105262	851038	61131
hg19/STAR/SRR2873686	12414268	3314025	988	5334796	304353	3455666	5428
hg19/STAR/SRR2873687	9979802	1382025	309	3910109	3363128	1321771	2769
hg19/STAR/SRR2873688	7779960	858956	250	2024690	4652114	242343	1857
hg19/STAR/SRR2873689	12685859	3007148	2249	6566508	2495010	602591	14602
hg19/STAR/SRR2873690	12663408	3002599	2154	6551985	2519377	575062	14385
hg19/STAR/SRR2873691	12337740	1937727	2284	4740857	4979359	674168	5629
hg19/STAR/SRR2873692	12363155	1930719	1835	4742028	5058069	626715	5624
hg19/STAR/SRR2873693	14298542	4172757	2046	7310112	1023329	1734479	57865
hg19/STAR/SRR2873694	14284761	4178266	2120	7300786	1024687	1723490	57532
hg19/STAR/SRR2873695	19953168	4735123	3267	10306102	2379671	2478732	53540
hg19/STAR/SRR2873696	19885992	4733458	2999	10281580	2381443	2436974	52537
hg19/STAR/SRR2873697	28923256	4788846	527	8676619	14774070	666038	17683
hg19/STAR/SRR2873698	29082201	4833554	543	8733050	14811330	686290	17977
hg19/STAR/SRR2873699	25066058	4222825	505	11028385	9177139	624248	13461
hg19/STAR/SRR2873700	25264923	4270269	581	11123958	9216016	641048	13632
hg19/STAR/SRR2873701	27350010	8011655	646	14010714	2531765	2645822	150054
hg19/STAR/SRR2873702	27569176	8075440	668	14118325	2547324	2677020	151067
hg19/STAR/SRR2873703	27486135	9511205	561	9631872	5084900	3081831	176327
hg19/STAR/SRR2873704	27687483	9579230	594	9704454	5110383	3116506	176910
hg19/STAR/SRR2874123	14832494	4394898	879	9979223	237584	203060	17729
hg19/STAR/SRR2874124	14609148	4329866	706	9845096	234755	181774	17657
hg19/STAR/SRR2874125	18655463	4300613	906	13233704	884440	186201	50505
hg19/STAR/SRR2874126	18338753	4227235	528	13031360	872128	158468	49562
hg19/STAR/SRR2874127	13466010	3463893	691	9721526	162668	104962	12961
hg19/STAR/SRR2874128	13259424	3417778	509	9580264	159451	88868	13063
hg19/STAR/SRR2874129	15780855	4742717	796	9807873	776736	408574	44955
hg19/STAR/SRR2874130	15531490	4670980	583	9669060	765943	381412	44095
hg19/STAR/SRR2874255	24139671	3355137	324	16756728	2064325	1912490	50991
hg19/STAR/SRR2874256	23846810	3285174	298	16612431	2025666	1873443	50096
hg19/STAR/SRR2954800	6614307	3247502	52	1651395	155167	1498791	61452
hg19/STAR/SRR2954801	3498569	1913548	27	965888	109316	480397	29420
hg19/STAR/SRR3306583	175320172	56030624	7630	111711826	1713906	5446714	417102
hg19/STAR/SRR3306584	241190744	120113400	7517	77178180	17420256	26084534	394374
hg19/STAR/SRR3306585	112052037	17062894	67263	81247511	525155	13136858	79619
hg19/STAR/SRR3306586	239300566	70221703	8447	89906307	62528036	15995735	648785
hg19/STAR/SRR3306587	241441199	102309042	7951	78272068	37629758	22810964	419367
hg19/STAR/SRR3306588	170374608	52621799	26523	108675196	1760546	7016359	300708
hg19/STAR/SRR3306589	240852391	123394570	9153	77118892	18516107	21405585	417237
hg19/STAR/SRR3317843	77345163	8392684	7276	66481233	1132044	1295525	43677
hg19/STAR/SRR3317844	73828806	7853047	5363	62974938	1627284	1328509	45028
hg19/STAR/SRR3317845	70051209	6658616	6344	60997758	1025467	1320855	48513
hg19/STAR/SRR3356523.fastq.gz	44716778	10253215	0	28435055	1257549	4570430	200529
hg19/STAR/SRR3356527.fastq.gz	38333571	5361889	0	31225612	454087	1263609	28374
hg19/STAR/SRR3356528.fastq.gz	38629161	3110566	0	34187875	149766	1131669	49285
hg19/STAR/SRR4045263	93792757	32040923	3496	54809714	2506442	4382928	52750
hg19/STAR/SRR4045264	41467836	15185042	1577	23456390	1055812	1751510	19082
hg19/STAR/SRR4045265	52324921	16855881	1919	31353324	1450630	2631418	33668
hg19/STAR/SRR4045266	30289622	2258481	514	26740149	706620	573115	11257
hg19/STAR/SRR4045267	24201702	1703039	371	21367721	628939	492580	9423
hg19/STAR/SRR4045268	28100273	902238	411	25948657	719188	520853	9337
hg19/STAR/SRR4045269	32871889	1232560	491	28687081	1171938	1760879	19431
hg19/STAR/SRR4045270	38499581	11689222	381	23991402	1099765	1693249	25943
hg19/STAR/SRR4045271	29452225	8741133	386	19173299	1084951	427631	25211
hg19/STAR/SRR4045272	26455603	4840943	172	20626192	752695	209678	26095
hg19/STAR/SRR4045273	22089034	3944643	119	17402387	594733	128062	19209
hg19/STAR/SRR4045274	28770886	3499570	213	20784123	4289129	172999	25065
hg19/STAR/SRR4045275	25736976	2956962	136	19148678	3454975	155152	21209
hg19/STAR/SRR4045276	60759649	13819627	930	45636126	607533	605750	90613
hg19/STAR/SRR4045277	75015731	8724824	888	61938675	3023341	1067430	261461
hg19/STAR/SRR4045278	21118919	3749854	298	15928593	448029	950633	41810
hg19/STAR/SRR4045279	16763760	633467	0	15612754	417798	93172	6569
hg19/STAR/SRR4045280	25661953	1130974	0	23174580	1093737	248502	14160
hg19/STAR/SRR4045281	9806691	1161526	0	8298717	281425	55042	9981
hg19/STAR/SRR4045282	20545714	2100432	0	17668124	572556	188777	15825
hg19/STAR/SRR4045283	107319874	22408154	3562	77165485	4809830	2821745	114660
hg19/STAR/SRR4045284	38958209	8582778	0	28159612	1685045	465721	65053
hg19/STAR/SRR4045285	34119638	2836690	0	29628537	1285291	313481	55639
hg19/STAR/SRR4045286	79498814	8911246	0	67420757	2574319	493267	99225
hg19/STAR/SRR4045287	110825533	21245658	5108	80768519	5801286	2939023	71047
hg19/STAR/SRR4045288	19057146	4390446	0	13134101	1273010	232204	27385
hg19/STAR/SRR4045289	18329983	1761707	0	15384093	965562	183353	35268
hg19/STAR/SRR4045290	12647660	1566078	0	10602568	394436	71526	13052
hg19/STAR/SRR4045291	27595220	7022219	0	18229868	1994202	273173	75758
hg19/STAR/SRR4045292	36313265	10751140	0	23112859	1968947	409436	70883
hg19/STAR/SRR4045293	25871138	1916058	0	22796295	998197	90697	69891
hg19/STAR/SRR4045294	16165622	1221925	0	14140105	708323	70309	24960
hg19/STAR/SRR4293693	175578037	43763818	30806	115603042	2081210	13886152	243815
hg19/STAR/SRR4293694	182419399	50126996	29654	112459827	2652684	16871441	308451
hg19/STAR/SRR4293695	191807892	80376050	29998	94421836	3162046	13638687	209273
hg19/STAR/SRR4293696	216932130	67590620	31885	131295172	3571351	14186771	288216
hg19/STAR/SRR5099275	46783615	1224314	11536	44035292	1048142	464039	11828
hg19/STAR/SRR5099276	44410001	18466755	48744	23376304	1385714	705900	475328
hg19/STAR/SRR5099277	40188357	1295240	15362	37502574	940617	433578	16348
hg19/STAR/SRR5099278	37512133	16447286	24913	18794035	1329382	608739	332691
hg19/STAR/SRR5099279	47498029	1619898	23178	44550828	790431	517417	19455
hg19/STAR/SRR5099280	51191488	22405418	65552	26068582	1480063	831130	406295
hg19/STAR/SRR5345621	69049989	16703249	48952	43114126	2555016	6598750	78848
hg19/STAR/SRR5345622	47443175	8289493	39513	33472659	654517	5005618	20888
hg19/STAR/SRR5345623	46132238	9118970	33710	31765326	1552461	3651637	43844
hg19/STAR/SRR5345624	49281955	6702007	34085	33762860	2921444	5853535	42109
hg19/STAR/SRR5413155	34501068	5424628	290	26858269	920203	1255430	42538
hg19/STAR/SRR5413156	22974967	3450993	135	18211374	589031	681676	41893
hg19/STAR/SRR5413157	22171374	1931941	160	19421156	305611	487664	25002
hg19/STAR/SRR5413158	31280806	2602618	1082	27275410	366220	996668	39890
hg19/STAR/SRR627620	135303626	8789996	5503	116377011	1450609	8674830	11180
hg19/STAR/SRR627621	136056052	6234318	4208	124192914	445568	5173827	9425
hg19/STAR/SRR627622	146303176	10084025	6478	133075627	863629	2266215	13680
hg19/STAR/SRR627623	145075808	9143347	13165	129064497	1006320	5823249	38395
hg19/STAR/SRR627624	145273493	7218840	6087	129663348	1029533	7323633	38139
hg19/STAR/SRR627625	159844674	13475594	7659	143117193	977596	2258823	15468
hg19/STAR/SRR627626	141658443	7440355	9744	131048286	597411	2554410	17981
hg19/STAR/SRR627627	176310769	13281114	8787	159400468	1091795	2501104	36288
hg19/STAR/SRR810100	159484041	11892657	4537	119140867	2610773	25801016	38728
hg19/STAR/SRR810101	162763615	13975928	4357	132891080	1586381	14287899	22327
hg19/STAR/SRR810102	168216398	16668348	5647	130393034	2336516	18754585	63915
hg19/STAR/SRR810103	123276828	11846234	4977	102742626	2050768	6598009	39191
hg19/STAR/SRR810104	115469946	9368725	4573	99035078	1607321	5426108	32714
hg19/STAR/SRR931815	93826407	14562665	0	75242798	2283599	1712775	24570
hg19/STAR/SRR931817	127399109	12671558	0	109959581	1607999	3095518	64453
hg19/STAR/SRR931819	67026629	12065219	0	52873588	1140031	921450	26341
hg19/STAR/SRR931821	90077819	21389600	0	64163502	3275128	1214471	35118
hg19/STAR/SRR931823	93512729	12513140	0	73677199	6209992	954512	157886
hg19/STAR/SRR931825	201296355	27381171	0	152039186	16825953	4375803	674242
hg19/STAR/SRR944653	21249164	8087080	119519	12099973	451576	569717	40818
hg19/STAR/SRR944654	52654209	34242800	2357351	13712423	483313	4057704	157969
hg19/STAR/SRR944655	16680368	6011899	71521	9859816	332001	440304	36348
hg19/STAR/SRR944656	32751216	30192088	83761	2195693	32829	308863	21743
hg19/STAR/SRR944657	22487072	11436640	145491	8650888	1674517	515003	210024
hg19/STAR/SRR944658	30504699	15551052	1108713	12893844	230543	1736694	92566
hg19/STAR/SRR944659	34931721	12778002	393529	20752266	304587	1044482	52384
hg19/STAR/SRR944660	49319130	24232380	433595	19995531	3332762	1393538	364919
hg19/STAR/SRR944661	26412560	13467810	786063	11340636	214434	1297203	92477
hg19/STAR/SRR944662	37402110	12527755	260452	23639667	270906	911432	52350
